   Nx    Ny   Ngp  nIter nRanks  nThreads      tInit      tCalc      tComm     tbatch     tTotal    tC/tcal    (tC+tb)/tCal
32768 32768     1   2726    512         0  4.582e-04  2.875e-01  1.825e-01  2.640e-03 4.731647e-01 6.348558e-01 6.440393e-01
32768 32768     1   2988    128         4  9.147e-04  2.931e-01  1.374e-01  4.451e-04 4.319488e-01 4.688891e-01 4.704076e-01
32768 32768     1    788     32        16  1.298e-02  1.084e+00  5.466e-01  4.310e-04 1.644251e+00 5.040964e-01 5.044939e-01
32768 32768     1    195      8        64  2.066e-01  4.341e+00  2.203e+00  4.335e-04 6.750075e+00 5.074433e-01 5.075432e-01
32768 32768     4    883    512         0  3.743e-04  3.137e-01  4.844e-02  3.001e-03 3.655215e-01 1.544224e-01 1.639892e-01
32768 32768     4    956    128         4  7.278e-04  2.981e-01  3.828e-02  5.662e-04 3.376956e-01 1.284211e-01 1.303202e-01
32768 32768     4    259     32        16  9.942e-03  1.092e+00  1.493e-01  4.136e-04 1.251379e+00 1.367816e-01 1.371605e-01
32768 32768     4     64      8        64  1.581e-01  4.391e+00  6.086e-01  4.184e-04 5.157762e+00 1.386121e-01 1.387074e-01
32768 32768     8    425    512         0  4.188e-04  3.465e-01  3.018e-02  2.914e-03 3.799797e-01 8.709677e-02 9.550679e-02
32768 32768     8    497    128         4  7.125e-04  3.028e-01  2.050e-02  6.683e-04 3.246932e-01 6.768272e-02 6.988953e-02
32768 32768     8    137     32        16  9.434e-03  1.104e+00  7.621e-02  4.155e-04 1.190078e+00 6.903306e-02 6.940942e-02
32768 32768     8     34      8        64  1.490e-01  4.460e+00  3.152e-01  4.232e-04 4.924136e+00 7.067601e-02 7.077090e-02
32768 32768    16    184    512         0  5.472e-04  4.171e-01  1.837e-02  2.716e-03 4.387493e-01 4.403094e-02 5.054316e-02
32768 32768    16    246    128         4  7.403e-04  3.168e-01  1.097e-02  5.716e-04 3.291042e-01 3.463512e-02 3.643945e-02
32768 32768    16     69     32        16  9.447e-03  1.130e+00  3.939e-02  4.233e-04 1.178793e+00 3.487570e-02 3.525044e-02
32768 32768    16     17      8        64  1.493e-01  4.607e+00  1.690e-01  4.353e-04 4.925362e+00 3.669593e-02 3.679042e-02
